0,5 1 0,6065 0,0002 0,9998 0,4999 0,4999 0,0006 0,0000 1,0000 0,5000 0,5281
1 1 0,3681 0,0031 0,9969 0,9969 0,9969 0,0001 0,0000 1,0000 1,0000 1,0527
1,5 1 0,2241 0,0142 0,9858 1,4787 1,4787 0,0001 0,0000 1,0000 1,5000 1,5725
2 1 0,1376 0,0367 0,9633 1,9266 1,9266 0,0003 0,0000 1,0000 2,0000 2,0865
2,5 1 0,0857 0,0697 0,9303 2,3257 2,3257 0,0000 0,0000 1,0000 2,5000 2,6019
3 1 0,0543 0,1101 0,8899 2,6698 2,6698 0,0000 0,0000 1,0000 3,0000 3,1166
3,5 1 0,0352 0,1541 0,8459 2,9606 2,9606 0,0001 0,0000 1,0000 3,5000 3,6027
4 1 0,0233 0,1991 0,8009 3,2037 3,2037 0,0001 0,0000 1,0000 4,0000 4,1325
4,5 1 0,0158 0,2430 0,7570 3,4064 3,4064 0,0000 0,0000 1,0000 4,5000 4,6261
5 1 0,0109 0,2849 0,7151 3,5757 3,5757 0,0000 0,0000 1,0000 5,0000 5,0153
5,5 1 0,0077 0,3241 0,6759 3,7177 3,7177 0,0001 0,1500 0,8500 4,6750 4,7865
6 1 0,0056 0,3604 0,6396 3,8376 3,8376 0,0001 0,1500 0,8500 5,1000 5,1248
6,5 1 0,0041 0,3939 0,6061 3,9396 3,9396 0,0001 0,2500 0,7500 4,8750 4,9052
7 1 0,0030 0,4247 0,5753 4,0270 4,0270 0,0003 0,2500 0,7500 5,2500 5,2569
7,5 1 0,0023 0,4530 0,5470 4,1024 4,1024 0,0017 0,3000 0,7000 5,2500 5,2665
8 1 0,0018 0,4790 0,5210 4,1679 4,1679 0,0001 0,3000 0,7000 5,6000 5,5675
